0
0
0
0
0
0
0
0
0
246
253
249
0
0
0
0
0
0
0
0
0
0
0
0
0
0
0
0
0
0
0
0
0
0
0
0
0
649
566
703
726
720
693
635
633
629
628
630
639
633
729
711
709
715
714
715
716
714
716
717
702
763
751
741
733
730
740
748
743
742
742
741
742
743
745
755
754
683
704
709
704
716
726
687
681
686
694
703
709
715
728
733
737
736
737
735
736
737
736
737
649
566
703
726
720
693
635
633
629
628
630
639
633
729
711
709
715
714
715
716
714
716
717
702
763
751
741
733
730
740
748
743
742
742
741
742
743
745
755
754
683
704
709
704
716
726
687
681
686
694
703
709
715
728
733
737
736
737
735
736
737
736
737
738
738
738
738
738
738
738
738
